$basis
*
na def2-TZVP
# na    (14s8p3d) / [5s4p3d]     {73211/5111/111}
*
   7  s
  26041.109927      0.61806342811E-03
  3906.1268548      0.47748604414E-02
  888.97454993      0.24471684829E-01
  251.45497961      0.94755394977E-01
  81.650143512      0.26867496920
  28.904158401      0.47925475440
  10.625782932      0.33248591469
   3  s
  53.769410179      0.19527731872E-01
  16.308243025      0.92648010794E-01
  2.3730384125     -0.39938670172
   2  s
 0.95730772603       1.6428595391
 0.40806460959      0.55692596966
   1  s
 0.49967582329E-01   1.0000000000
   1  s
 0.19268616250E-01   1.0000000000
   5  p
  138.07979989      0.57951891929E-02
  32.232700393      0.41620846251E-01
  9.9816075360      0.16281916885
  3.4822033928      0.36011784647
  1.2299134620      0.44858979889
   1  p
 0.41743959423      0.23040759559
   1  p
 0.30000000000E-01   1.0000000000
   1  p
 0.91000000000E-01   1.0000000000
   1  d
  2.6090000000       1.0000000000
   1  d
 0.43000000000       1.0000000000
   1  d
 0.10000000000       1.0000000000
*
$end
